0 0.278075 0.469665 0.070293 0.056485
0 0.270042 0.407950 0.070293 0.054393
0 0.338326 0.099372 0.090377 0.064854
0 0.611464 0.564854 0.062259 0.075314
0 0.261004 0.358787 0.060251 0.048117
0 0.260000 0.304393 0.062259 0.043933
0 0.253975 0.257322 0.050209 0.050209
0 0.254979 0.205021 0.072301 0.050209
0 0.247950 0.153766 0.050209 0.056485
0 0.247950 0.106695 0.066276 0.050209
0 0.288117 0.064854 0.054226 0.050209
0 0.328285 0.040795 0.050209 0.043933
0 0.380502 0.039749 0.050209 0.046025
0 0.591381 0.843096 0.038159 0.041841
0 0.602427 0.810669 0.040167 0.031381
0 0.609456 0.779289 0.042176 0.035565
0 0.613473 0.746862 0.038159 0.033473
0 0.626527 0.721757 0.044184 0.037657
0 0.633556 0.687238 0.054226 0.031381
0 0.640586 0.660042 0.044184 0.035565
0 0.649623 0.622385 0.070293 0.035565
0 0.670711 0.559623 0.060251 0.039749
0 0.747029 0.250000 0.068285 0.043933
0 0.741004 0.207113 0.076318 0.037657
0 0.651632 0.151674 0.074310 0.060669
0 0.559247 0.115063 0.054226 0.041841
0 0.526109 0.085774 0.080335 0.037657
0 0.475900 0.059623 0.044184 0.052301
0 0.422678 0.039749 0.050209 0.054393
0 0.608452 0.128661 0.056234 0.056485
0 0.701841 0.174686 0.070293 0.060669
0 0.738996 0.290795 0.068285 0.050209