0 0.261062 0.093824 0.123894 0.162470
0 0.155605 0.244871 0.095870 0.144700
0 0.135693 0.885867 0.097345 0.157393
0 0.064897 0.893483 0.058997 0.126930
0 0.379794 0.884598 0.054572 0.099005
0 0.456490 0.888406 0.054572 0.106621
0 0.524336 0.884598 0.051622 0.099005
0 0.612832 0.899829 0.104720 0.175163
0 0.694690 0.878251 0.050147 0.101544
0 0.767699 0.884598 0.066372 0.104083
0 0.839971 0.884598 0.039823 0.088851
0 0.929204 0.903637 0.103245 0.142162
0 0.952065 0.783054 0.060472 0.053311
0 0.949115 0.700549 0.066372 0.045695
0 0.935103 0.577427 0.106195 0.139623
0 0.966077 0.455575 0.047198 0.083774
0 0.964602 0.369262 0.053097 0.073619
0 0.958702 0.268987 0.047198 0.091390
0 0.956490 0.172521 0.060472 0.076158
0 0.952802 0.069707 0.073746 0.109160
0 0.889381 0.072246 0.041298 0.088851
0 0.750737 0.076054 0.061947 0.096467
0 0.592183 0.088747 0.087021 0.147239
0 0.500737 0.090016 0.051622 0.088851
0 0.431416 0.083670 0.060472 0.101544
0 0.360619 0.083670 0.045723 0.101544