0 0.125623 0.131799 0.108941 0.129707
0 0.125623 0.883891 0.153901 0.169456
0 0.155885 0.731172 0.072627 0.060669
0 0.796562 0.241632 0.108941 0.098326
0 0.832011 0.391213 0.148713 0.083682
0 0.793103 0.323222 0.167735 0.110879
0 0.193928 0.304393 0.152172 0.152720
0 0.108331 0.303347 0.091649 0.100418
0 0.112654 0.434100 0.134879 0.135983
0 0.282983 0.464435 0.115858 0.117155
0 0.118706 0.563808 0.115858 0.089958
0 0.116977 0.685146 0.091649 0.094142
0 0.171448 0.646444 0.069169 0.054393
0 0.263097 0.664226 0.076086 0.098326
0 0.250127 0.790795 0.084732 0.087866
0 0.771488 0.493724 0.079544 0.079498
0 0.771488 0.562762 0.096836 0.075314
0 0.307192 0.889121 0.095107 0.104603
0 0.481843 0.878661 0.119316 0.138075
0 0.641796 0.874477 0.103753 0.117155
0 0.775811 0.831590 0.105483 0.106695
0 0.926253 0.793933 0.143525 0.106695
0 0.892533 0.524059 0.127962 0.102510
0 0.902909 0.598326 0.138338 0.104603
0 0.913284 0.674686 0.117587 0.089958
0 0.236294 0.131799 0.081273 0.108787
0 0.329672 0.123431 0.070898 0.108787
0 0.430831 0.128661 0.093378 0.102510
0 0.526803 0.130753 0.063981 0.115063
0 0.627098 0.137029 0.102024 0.102510
0 0.727393 0.123431 0.108941 0.096234